7

0 0 0.00
0 1 10.31
0 2 7.07
0 3 15.81
0 4 9.01
0 5 11.52
0 6 9.01
1 0 10.31
1 1 0.00
1 2 15.21
1 3 19.53
1 4 11.18
1 5 10.08
1 6 18.03
2 0 7.07
2 1 15.21
2 2 0.00
2 3 10.00
2 4 16.01
2 5 18.58
2 6 12.50
3 0 15.81
3 1 19.53
3 2 10.00
3 3 0.00
3 4 24.62
3 5 26.37
3 6 22.50
4 0 9.01
4 1 11.18
4 2 16.01
4 3 24.62
4 4 0.00
4 5 3.75
4 6 10.00
5 0 11.52
5 1 10.08
5 2 18.58
5 3 26.37
5 4 3.75
5 5 0.00
5 6 13.75
6 0 9.01
6 1 18.03
6 2 12.50
6 3 22.50
6 4 10.00
6 5 13.75
6 6 0.00